40001 1000087 0
40002 1000281 82
40003 1000268 0
40004 999982 0
40005 999910 0
40006 1000002 0
40007 1000173 0
40008 1000185 0
40009 1000065 0
40010 1000164 0
40011 1000030 0
40012 1000014 0
40013 1000273 0
40014 1000527 0
40015 1000593 0
40016 1000722 0
40017 1000505 0
40018 1000552 74
40019 1000787 0
40020 1000755 0
40021 1000979 0
40022 1000846 72
40023 1001065 0
40024 1001070 0
40025 1001050 0
40026 1001353 64
40027 1001628 0
40028 1001800 0
40029 1001614 0
40030 1001539 0
40031 1001845 0
40032 1001853 0
40033 1001938 41
40034 1001706 0
40035 1001670 0
40036 1001560 0
40037 1001524 0
40038 1001412 0
40039 1001407 0
40040 1001575 0
40041 1001271 0
40042 1001150 0
40043 1001105 0
