40001 1000734 0
40002 1000716 0
40003 1000682 0
40004 1000708 0
40005 1000550 0
40006 1000710 5
40007 1000720 0
40008 1000859 0
40009 1000957 0
40010 1000706 0
40011 1000546 83
40012 1000947 0
40013 1000970 43
40014 1000866 0
40015 1001045 0
40016 1000831 0
40017 1000782 0
40018 1000800 0
40019 1000715 0
40020 1000670 0
40021 1000538 0
40022 1000704 0
40023 1000888 0
40024 1001032 0
40025 1000892 0
40026 1000623 0
40027 1000756 0
40028 1000782 0
40029 1000791 0
40030 1000849 0
40031 1000871 0
40032 1000965 0
40033 1000940 0
40034 1000887 0
40035 1001137 0
40036 1001141 0
40037 1001303 0
40038 1001436 0
40039 1001643 0
40040 1001731 0
40041 1001931 0
40042 1002060 0
40043 1002135 66
Exception in thread "main" java.util.NoSuchElementException: No line found
	at java.util.Scanner.nextLine(Scanner.java:1585)
	at snapShot.snapShot_Client.connect(snapShot_Client.java:114)
	at snapShot.snapShot_Client.checkID(snapShot_Client.java:72)
	at snapShot.snapShot_Client.main(snapShot_Client.java:23)
