40001 999207 0
40002 998983 0
40003 999006 0
40004 999211 0
40005 999410 0
40006 999133 0
40007 998944 0
40008 998679 0
40009 998686 0
40010 998765 0
40011 998795 0
40012 998776 0
40013 998582 0
40014 998646 0
40015 998556 0
40016 998334 0
40017 998499 0
40018 998458 0
40019 998451 0
40020 998422 0
40021 998506 0
40022 998432 0
40023 998417 0
40024 998298 0
40025 998260 0
40026 998247 0
40027 998006 0
40028 998056 0
40029 998185 0
40030 997978 0
40031 997763 0
40032 997580 0
40033 997431 0
40034 997400 0
40035 997424 0
40036 997395 0
40037 997141 0
40038 997250 0
40039 997227 0
40040 997151 0
40041 997454 0
40042 997356 0
40043 997305 0
Exception in thread "main" java.util.NoSuchElementException: No line found
	at java.util.Scanner.nextLine(Scanner.java:1585)
	at snapShot.snapShot_Client.connect(snapShot_Client.java:114)
	at snapShot.snapShot_Client.checkID(snapShot_Client.java:72)
	at snapShot.snapShot_Client.main(snapShot_Client.java:23)
