40001 999880 92
40002 999938 0
40003 1000044 0
40004 1000099 0
40005 1000037 93
40006 1000150 0
40007 1000163 0
40008 1000277 0
40009 1000292 0
40010 1000241 124
40011 1000546 0
40012 1000263 0
40013 1000132 0
40014 999961 0
40015 999806 0
40016 1000113 0
40017 1000214 0
40018 1000116 0
40019 1000047 0
40020 1000153 0
40021 999977 0
40022 999946 0
40023 999630 0
40024 999523 77
40025 999798 0
40026 999627 86
40027 999610 0
40028 999362 0
40029 999374 36
40030 999634 0
40031 999521 0
40032 999602 0
40033 999650 0
40034 1000007 0
40035 999769 0
40036 999904 0
40037 1000032 0
40038 999902 0
40039 999723 0
40040 999543 0
40041 999344 0
40042 999434 0
40043 999389 0
